2007 82.33
2007.01 82.3374
2007.02 82.3447
2007.03 82.3521
2007.04 82.3595
2007.05 82.3668
2007.06 82.3742
2007.07 82.3816
2007.08 82.389
2007.09 82.3963
2007.1 82.4037
2007.11 82.4111
2007.12 82.4184
2007.13 82.4258
2007.14 82.4332
2007.15 82.4406
2007.16 82.4479
2007.17 82.4553
2007.18 82.4627
2007.19 82.47
2007.2 82.4774
2007.21 82.4848
2007.22 82.4921
2007.23 82.4995
2007.24 82.5069
2007.25 82.5143
2007.26 82.5216
2007.27 82.529
2007.28 82.5364
2007.29 82.5437
2007.3 82.5511
2007.31 82.5585
2007.32 82.5658
2007.33 82.5732
2007.34 82.5806
2007.35 82.5879
2007.36 82.5953
2007.37 82.6027
2007.38 82.6101
2007.39 82.6174
2007.4 82.6248
2007.41 82.6322
2007.42 82.6395
2007.43 82.6469
2007.44 82.6543
2007.45 82.6617
2007.46 82.669
2007.47 82.6764
2007.48 82.6838
2007.49 82.6911
2007.5 82.6985
2007.51 82.7059
2007.52 82.7132
2007.53 82.7206
2007.54 82.728
2007.55 82.7353
2007.56 82.7427
2007.57 82.7501
2007.58 82.7575
2007.59 82.7648
2007.6 82.7722
2007.61 82.7796
2007.62 82.7869
2007.63 82.7943
2007.64 82.8017
2007.65 82.8091
2007.66 82.8164
2007.67 82.8238
2007.68 82.8312
2007.69 82.8385
2007.7 82.8459
2007.71 82.8533
2007.72 82.8606
2007.73 82.868
2007.74 82.8754
2007.75 82.8827
2007.76 82.8901
2007.77 82.8975
2007.78 82.9049
2007.79 82.9122
2007.8 82.9196
2007.81 82.927
2007.82 82.9343
2007.83 82.9417
2007.84 82.9491
2007.85 82.9564
2007.86 82.9638
2007.87 82.9712
2007.88 82.9786
2007.89 82.9859
2007.9 82.9933
2007.91 83.0007
2007.92 83.008
2007.93 83.0154
2007.94 83.0228
2007.95 83.0302
2007.96 83.0375
2007.97 83.0449
2007.98 83.0523
2007.99 83.0596
2008 83.067
2008.01 83.0492
2008.02 83.0313
2008.03 83.0135
2008.04 82.9957
2008.05 82.9779
2008.06 82.96
2008.07 82.9422
2008.08 82.9244
2008.09 82.9065
2008.1 82.8887
2008.11 82.8709
2008.12 82.853
2008.13 82.8352
2008.14 82.8174
2008.15 82.7995
2008.16 82.7817
2008.17 82.7639
2008.18 82.7461
2008.19 82.7282
2008.2 82.7104
2008.21 82.6926
2008.22 82.6747
2008.23 82.6569
2008.24 82.6391
2008.25 82.6213
2008.26 82.6034
2008.27 82.5856
2008.28 82.5678
2008.29 82.5499
2008.3 82.5321
2008.31 82.5143
2008.32 82.4964
2008.33 82.4786
2008.34 82.4608
2008.35 82.443
2008.36 82.4251
2008.37 82.4073
2008.38 82.3895
2008.39 82.3716
2008.4 82.3538
2008.41 82.336
2008.42 82.3181
2008.43 82.3003
2008.44 82.2825
2008.45 82.2646
2008.46 82.2468
2008.47 82.229
2008.48 82.2112
2008.49 82.1933
2008.5 82.1755
2008.51 82.1577
2008.52 82.1398
2008.53 82.122
2008.54 82.1042
2008.55 82.0864
2008.56 82.0685
2008.57 82.0507
2008.58 82.0329
2008.59 82.015
2008.6 81.9972
2008.61 81.9794
2008.62 81.9615
2008.63 81.9437
2008.64 81.9259
2008.65 81.908
2008.66 81.8902
2008.67 81.8724
2008.68 81.8546
2008.69 81.8367
2008.7 81.8189
2008.71 81.8011
2008.72 81.7832
2008.73 81.7654
2008.74 81.7476
2008.75 81.7297
2008.76 81.7119
2008.77 81.6941
2008.78 81.6763
2008.79 81.6584
2008.8 81.6406
2008.81 81.6228
2008.82 81.6049
2008.83 81.5871
2008.84 81.5693
2008.85 81.5515
2008.86 81.5336
2008.87 81.5158
2008.88 81.498
2008.89 81.4801
2008.9 81.4623
2008.91 81.4445
2008.92 81.4266
2008.93 81.4088
2008.94 81.391
2008.95 81.3731
2008.96 81.3553
2008.97 81.3375
2008.98 81.3197
2008.99 81.3018
2009 81.284
2009.01 81.3044
2009.02 81.3248
2009.03 81.3452
2009.04 81.3656
2009.05 81.386
2009.06 81.4065
2009.07 81.4269
2009.08 81.4473
2009.09 81.4677
2009.1 81.4881
2009.11 81.5085
2009.12 81.5289
2009.13 81.5493
2009.14 81.5697
2009.15 81.5902
2009.16 81.6106
2009.17 81.631
2009.18 81.6514
2009.19 81.6718
2009.2 81.6922
2009.21 81.7126
2009.22 81.733
2009.23 81.7534
2009.24 81.7738
2009.25 81.7943
2009.26 81.8147
2009.27 81.8351
2009.28 81.8555
2009.29 81.8759
2009.3 81.8963
2009.31 81.9167
2009.32 81.9371
2009.33 81.9575
2009.34 81.9779
2009.35 81.9983
2009.36 82.0188
2009.37 82.0392
2009.38 82.0596
2009.39 82.08
2009.4 82.1004
2009.41 82.1208
2009.42 82.1412
2009.43 82.1616
2009.44 82.182
2009.45 82.2025
2009.46 82.2229
2009.47 82.2433
2009.48 82.2637
2009.49 82.2841
2009.5 82.3045
2009.51 82.3249
2009.52 82.3453
2009.53 82.3657
2009.54 82.3861
2009.55 82.4065
2009.56 82.427
2009.57 82.4474
2009.58 82.4678
2009.59 82.4882
2009.6 82.5086
2009.61 82.529
2009.62 82.5494
2009.63 82.5698
2009.64 82.5902
2009.65 82.6107
2009.66 82.6311
2009.67 82.6515
2009.68 82.6719
2009.69 82.6923
2009.7 82.7127
2009.71 82.7331
2009.72 82.7535
2009.73 82.7739
2009.74 82.7943
2009.75 82.8148
2009.76 82.8352
2009.77 82.8556
2009.78 82.876
2009.79 82.8964
2009.8 82.9168
2009.81 82.9372
2009.82 82.9576
2009.83 82.978
2009.84 82.9984
2009.85 83.0188
2009.86 83.0393
2009.87 83.0597
2009.88 83.0801
2009.89 83.1005
2009.9 83.1209
2009.91 83.1413
2009.92 83.1617
2009.93 83.1821
2009.94 83.2025
2009.95 83.223
2009.96 83.2434
2009.97 83.2638
2009.98 83.2842
2009.99 83.3046
2010 83.325
2010.01 83.332
2010.02 83.339
2010.03 83.3461
2010.04 83.3531
2010.05 83.3601
2010.06 83.3671
2010.07 83.3741
2010.08 83.3812
2010.09 83.3882
2010.1 83.3952
2010.11 83.4022
2010.12 83.4092
2010.13 83.4163
2010.14 83.4233
2010.15 83.4303
2010.16 83.4373
2010.17 83.4443
2010.18 83.4514
2010.19 83.4584
2010.2 83.4654
2010.21 83.4724
2010.22 83.4794
2010.23 83.4865
2010.24 83.4935
2010.25 83.5005
2010.26 83.5075
2010.27 83.5145
2010.28 83.5216
2010.29 83.5286
2010.3 83.5356
2010.31 83.5426
2010.32 83.5496
2010.33 83.5567
2010.34 83.5637
2010.35 83.5707
2010.36 83.5777
2010.37 83.5847
2010.38 83.5918
2010.39 83.5988
2010.4 83.6058
2010.41 83.6128
2010.42 83.6198
2010.43 83.6269
2010.44 83.6339
2010.45 83.6409
2010.46 83.6479
2010.47 83.6549
2010.48 83.662
2010.49 83.669
2010.5 83.676
2010.51 83.683
2010.52 83.69
2010.53 83.6971
2010.54 83.7041
2010.55 83.7111
2010.56 83.7181
2010.57 83.7251
2010.58 83.7322
2010.59 83.7392
2010.6 83.7462
2010.61 83.7532
2010.62 83.7602
2010.63 83.7673
2010.64 83.7743
2010.65 83.7813
2010.66 83.7883
2010.67 83.7953
2010.68 83.8024
2010.69 83.8094
2010.7 83.8164
2010.71 83.8234
2010.72 83.8304
2010.73 83.8375
2010.74 83.8445
2010.75 83.8515
2010.76 83.8585
2010.77 83.8655
2010.78 83.8726
2010.79 83.8796
2010.8 83.8866
2010.81 83.8936
2010.82 83.9006
2010.83 83.9077
2010.84 83.9147
2010.85 83.9217
2010.86 83.9287
2010.87 83.9357
2010.88 83.9428
2010.89 83.9498
2010.9 83.9568
2010.91 83.9638
2010.92 83.9708
2010.93 83.9779
2010.94 83.9849
2010.95 83.9919
2010.96 83.9989
2010.97 84.0059
2010.98 84.013
2010.99 84.02
2011 84.027
2011.01 84.049
2011.02 84.071
2011.03 84.0931
2011.04 84.1151
2011.05 84.1371
2011.06 84.1591
2011.07 84.1811
2011.08 84.2032
2011.09 84.2252
2011.1 84.2472
2011.11 84.2692
2011.12 84.2912
2011.13 84.3133
2011.14 84.3353
2011.15 84.3573
2011.16 84.3793
2011.17 84.4013
2011.18 84.4234
2011.19 84.4454
2011.2 84.4674
2011.21 84.4894
2011.22 84.5114
2011.23 84.5335
2011.24 84.5555
2011.25 84.5775
2011.26 84.5995
2011.27 84.6215
2011.28 84.6436
2011.29 84.6656
2011.3 84.6876
2011.31 84.7096
2011.32 84.7316
2011.33 84.7537
2011.34 84.7757
2011.35 84.7977
2011.36 84.8197
2011.37 84.8417
2011.38 84.8638
2011.39 84.8858
2011.4 84.9078
2011.41 84.9298
2011.42 84.9518
2011.43 84.9739
2011.44 84.9959
2011.45 85.0179
2011.46 85.0399
2011.47 85.0619
2011.48 85.084
2011.49 85.106
2011.5 85.128
2011.51 85.15
2011.52 85.172
2011.53 85.1941
2011.54 85.2161
2011.55 85.2381
2011.56 85.2601
2011.57 85.2821
2011.58 85.3042
2011.59 85.3262
2011.6 85.3482
2011.61 85.3702
2011.62 85.3922
2011.63 85.4143
2011.64 85.4363
2011.65 85.4583
2011.66 85.4803
2011.67 85.5023
2011.68 85.5244
2011.69 85.5464
2011.7 85.5684
2011.71 85.5904
2011.72 85.6124
2011.73 85.6345
2011.74 85.6565
2011.75 85.6785
2011.76 85.7005
2011.77 85.7225
2011.78 85.7446
2011.79 85.7666
2011.8 85.7886
2011.81 85.8106
2011.82 85.8326
2011.83 85.8547
2011.84 85.8767
2011.85 85.8987
2011.86 85.9207
2011.87 85.9427
2011.88 85.9648
2011.89 85.9868
2011.9 86.0088
2011.91 86.0308
2011.92 86.0528
2011.93 86.0749
2011.94 86.0969
2011.95 86.1189
2011.96 86.1409
2011.97 86.1629
2011.98 86.185
2011.99 86.207
2012 86.229
2012.01 86.2324
2012.02 86.2358
2012.03 86.2392
2012.04 86.2426
2012.05 86.246
2012.06 86.2495
2012.07 86.2529
2012.08 86.2563
2012.09 86.2597
2012.1 86.2631
2012.11 86.2665
2012.12 86.2699
2012.13 86.2733
2012.14 86.2767
2012.15 86.2802
2012.16 86.2836
2012.17 86.287
2012.18 86.2904
2012.19 86.2938
2012.2 86.2972
2012.21 86.3006
2012.22 86.304
2012.23 86.3074
2012.24 86.3108
2012.25 86.3143
2012.26 86.3177
2012.27 86.3211
2012.28 86.3245
2012.29 86.3279
2012.3 86.3313
2012.31 86.3347
2012.32 86.3381
2012.33 86.3415
2012.34 86.3449
2012.35 86.3483
2012.36 86.3518
2012.37 86.3552
2012.38 86.3586
2012.39 86.362
2012.4 86.3654
2012.41 86.3688
2012.42 86.3722
2012.43 86.3756
2012.44 86.379
2012.45 86.3825
2012.46 86.3859
2012.47 86.3893
2012.48 86.3927
2012.49 86.3961
2012.5 86.3995
2012.51 86.4029
2012.52 86.4063
2012.53 86.4097
2012.54 86.4131
2012.55 86.4165
2012.56 86.42
2012.57 86.4234
2012.58 86.4268
2012.59 86.4302
2012.6 86.4336
2012.61 86.437
2012.62 86.4404
2012.63 86.4438
2012.64 86.4472
2012.65 86.4507
2012.66 86.4541
2012.67 86.4575
2012.68 86.4609
2012.69 86.4643
2012.7 86.4677
2012.71 86.4711
2012.72 86.4745
2012.73 86.4779
2012.74 86.4813
2012.75 86.4847
2012.76 86.4882
2012.77 86.4916
2012.78 86.495
2012.79 86.4984
2012.8 86.5018
2012.81 86.5052
2012.82 86.5086
2012.83 86.512
2012.84 86.5154
2012.85 86.5188
2012.86 86.5223
2012.87 86.5257
2012.88 86.5291
2012.89 86.5325
2012.9 86.5359
2012.91 86.5393
2012.92 86.5427
2012.93 86.5461
2012.94 86.5495
2012.95 86.553
2012.96 86.5564
2012.97 86.5598
2012.98 86.5632
2012.99 86.5666
2013 86.57
2013.01 86.5915
2013.02 86.613
2013.03 86.6345
2013.04 86.656
2013.05 86.6775
2013.06 86.6991
2013.07 86.7206
2013.08 86.7421
2013.09 86.7636
2013.1 86.7851
2013.11 86.8066
2013.12 86.8281
2013.13 86.8496
2013.14 86.8711
2013.15 86.8927
2013.16 86.9142
2013.17 86.9357
2013.18 86.9572
2013.19 86.9787
2013.2 87.0002
2013.21 87.0217
2013.22 87.0432
2013.23 87.0647
2013.24 87.0862
2013.25 87.1077
2013.26 87.1293
2013.27 87.1508
2013.28 87.1723
2013.29 87.1938
2013.3 87.2153
2013.31 87.2368
2013.32 87.2583
2013.33 87.2798
2013.34 87.3013
2013.35 87.3228
2013.36 87.3444
2013.37 87.3659
2013.38 87.3874
2013.39 87.4089
2013.4 87.4304
2013.41 87.4519
2013.42 87.4734
2013.43 87.4949
2013.44 87.5164
2013.45 87.538
2013.46 87.5595
2013.47 87.581
2013.48 87.6025
2013.49 87.624
2013.5 87.6455
2013.51 87.667
2013.52 87.6885
2013.53 87.71
2013.54 87.7315
2013.55 87.753
2013.56 87.7746
2013.57 87.7961
2013.58 87.8176
2013.59 87.8391
2013.6 87.8606
2013.61 87.8821
2013.62 87.9036
2013.63 87.9251
2013.64 87.9466
2013.65 87.9682
2013.66 87.9897
2013.67 88.0112
2013.68 88.0327
2013.69 88.0542
2013.7 88.0757
2013.71 88.0972
2013.72 88.1187
2013.73 88.1402
2013.74 88.1617
2013.75 88.1833
2013.76 88.2048
2013.77 88.2263
2013.78 88.2478
2013.79 88.2693
2013.8 88.2908
2013.81 88.3123
2013.82 88.3338
2013.83 88.3553
2013.84 88.3768
2013.85 88.3983
2013.86 88.4199
2013.87 88.4414
2013.88 88.4629
2013.89 88.4844
2013.9 88.5059
2013.91 88.5274
2013.92 88.5489
2013.93 88.5704
2013.94 88.5919
2013.95 88.6135
2013.96 88.635
2013.97 88.6565
2013.98 88.678
2013.99 88.6995
2014 88.721
2014.01 88.7493
2014.02 88.7775
2014.03 88.8058
2014.04 88.834
2014.05 88.8623
2014.06 88.8906
2014.07 88.9188
2014.08 88.9471
2014.09 88.9753
2014.1 89.0036
2014.11 89.0319
2014.12 89.0601
2014.13 89.0884
2014.14 89.1166
2014.15 89.1449
2014.16 89.1732
2014.17 89.2014
2014.18 89.2297
2014.19 89.2579
2014.2 89.2862
2014.21 89.3145
2014.22 89.3427
2014.23 89.371
2014.24 89.3992
2014.25 89.4275
2014.26 89.4558
2014.27 89.484
2014.28 89.5123
2014.29 89.5405
2014.3 89.5688
2014.31 89.5971
2014.32 89.6253
2014.33 89.6536
2014.34 89.6818
2014.35 89.7101
2014.36 89.7384
2014.37 89.7666
2014.38 89.7949
2014.39 89.8231
2014.4 89.8514
2014.41 89.8797
2014.42 89.9079
2014.43 89.9362
2014.44 89.9644
2014.45 89.9927
2014.46 90.021
2014.47 90.0492
2014.48 90.0775
2014.49 90.1057
2014.5 90.134
2014.51 90.1623
2014.52 90.1905
2014.53 90.2188
2014.54 90.247
2014.55 90.2753
2014.56 90.3036
2014.57 90.3318
2014.58 90.3601
2014.59 90.3883
2014.6 90.4166
2014.61 90.4449
2014.62 90.4731
2014.63 90.5014
2014.64 90.5296
2014.65 90.5579
2014.66 90.5862
2014.67 90.6144
2014.68 90.6427
2014.69 90.6709
2014.7 90.6992
2014.71 90.7275
2014.72 90.7557
2014.73 90.784
2014.74 90.8122
2014.75 90.8405
2014.76 90.8688
2014.77 90.897
2014.78 90.9253
2014.79 90.9535
2014.8 90.9818
2014.81 91.0101
2014.82 91.0383
2014.83 91.0666
2014.84 91.0948
2014.85 91.1231
2014.86 91.1514
2014.87 91.1796
2014.88 91.2079
2014.89 91.2361
2014.9 91.2644
2014.91 91.2927
2014.92 91.3209
2014.93 91.3492
2014.94 91.3774
2014.95 91.4057
2014.96 91.434
2014.97 91.4622
2014.98 91.4905
2014.99 91.5187
2015 91.547
2015.01 91.5518
2015.02 91.5565
2015.03 91.5613
2015.04 91.566
2015.05 91.5708
2015.06 91.5756
2015.07 91.5803
2015.08 91.5851
2015.09 91.5898
2015.1 91.5946
2015.11 91.5994
2015.12 91.6041
2015.13 91.6089
2015.14 91.6136
2015.15 91.6184
2015.16 91.6232
2015.17 91.6279
2015.18 91.6327
2015.19 91.6374
2015.2 91.6422
2015.21 91.647
2015.22 91.6517
2015.23 91.6565
2015.24 91.6612
2015.25 91.666
2015.26 91.6708
2015.27 91.6755
2015.28 91.6803
2015.29 91.685
2015.3 91.6898
2015.31 91.6946
2015.32 91.6993
2015.33 91.7041
2015.34 91.7088
2015.35 91.7136
2015.36 91.7184
2015.37 91.7231
2015.38 91.7279
2015.39 91.7326
2015.4 91.7374
2015.41 91.7422
2015.42 91.7469
2015.43 91.7517
2015.44 91.7564
2015.45 91.7612
2015.46 91.766
2015.47 91.7707
2015.48 91.7755
2015.49 91.7802
2015.5 91.785
2015.51 91.7898
2015.52 91.7945
2015.53 91.7993
2015.54 91.804
2015.55 91.8088
2015.56 91.8136
2015.57 91.8183
2015.58 91.8231
2015.59 91.8278
2015.6 91.8326
2015.61 91.8374
2015.62 91.8421
2015.63 91.8469
2015.64 91.8516
2015.65 91.8564
2015.66 91.8612
2015.67 91.8659
2015.68 91.8707
2015.69 91.8754
2015.7 91.8802
2015.71 91.885
2015.72 91.8897
2015.73 91.8945
2015.74 91.8992
2015.75 91.904
2015.76 91.9088
2015.77 91.9135
2015.78 91.9183
2015.79 91.923
2015.8 91.9278
2015.81 91.9326
2015.82 91.9373
2015.83 91.9421
2015.84 91.9468
2015.85 91.9516
2015.86 91.9564
2015.87 91.9611
2015.88 91.9659
2015.89 91.9706
2015.9 91.9754
2015.91 91.9802
2015.92 91.9849
2015.93 91.9897
2015.94 91.9944
2015.95 91.9992
2015.96 92.004
2015.97 92.0087
2015.98 92.0135
2015.99 92.0182
2016 92.023
2016.01 92.0293
2016.02 92.0355
2016.03 92.0418
2016.04 92.048
2016.05 92.0543
2016.06 92.0606
2016.07 92.0668
2016.08 92.0731
2016.09 92.0793
2016.1 92.0856
2016.11 92.0919
2016.12 92.0981
2016.13 92.1044
2016.14 92.1106
2016.15 92.1169
2016.16 92.1232
2016.17 92.1294
2016.18 92.1357
2016.19 92.1419
2016.2 92.1482
2016.21 92.1545
2016.22 92.1607
2016.23 92.167
2016.24 92.1732
2016.25 92.1795
2016.26 92.1858
2016.27 92.192
2016.28 92.1983
2016.29 92.2045
2016.3 92.2108
2016.31 92.2171
2016.32 92.2233
2016.33 92.2296
2016.34 92.2358
2016.35 92.2421
2016.36 92.2484
2016.37 92.2546
2016.38 92.2609
2016.39 92.2671
2016.4 92.2734
2016.41 92.2797
2016.42 92.2859
2016.43 92.2922
2016.44 92.2984
2016.45 92.3047
2016.46 92.311
2016.47 92.3172
2016.48 92.3235
2016.49 92.3297
2016.5 92.336
2016.51 92.3423
2016.52 92.3485
2016.53 92.3548
2016.54 92.361
2016.55 92.3673
2016.56 92.3736
2016.57 92.3798
2016.58 92.3861
2016.59 92.3923
2016.6 92.3986
2016.61 92.4049
2016.62 92.4111
2016.63 92.4174
2016.64 92.4236
2016.65 92.4299
2016.66 92.4362
2016.67 92.4424
2016.68 92.4487
2016.69 92.4549
2016.7 92.4612
2016.71 92.4675
2016.72 92.4737
2016.73 92.48
2016.74 92.4862
2016.75 92.4925
2016.76 92.4988
2016.77 92.505
2016.78 92.5113
2016.79 92.5175
2016.8 92.5238
2016.81 92.5301
2016.82 92.5363
2016.83 92.5426
2016.84 92.5488
2016.85 92.5551
2016.86 92.5614
2016.87 92.5676
2016.88 92.5739
2016.89 92.5801
2016.9 92.5864
2016.91 92.5927
2016.92 92.5989
2016.93 92.6052
2016.94 92.6114
2016.95 92.6177
2016.96 92.624
2016.97 92.6302
2016.98 92.6365
2016.99 92.6427
2017 92.649
